13	9	1	0c-2a-86-bf-fa-df		0773004159963513
13	9	2	48-55-5f-f7-7f-a4		fiberhomeHG221GS
13	9	3	20-89-6f-ff-4a-57		fiberhomeHG220GSU
13	9	4	b0-46-fc-5e-08-f6		fiberhomHG220
13	9	5	5c-09-79-f8-00-9a		0773002933129388
13	9	6	04-88-5f-0e-64-22		0773001144062363
13	9	7	48-62-76-ef-97-ee		077320191029
13	9	8	10-d0-ab-7b-dd-d0		zte_F460
13	9	9	98-f4-28-77-d6-ad		0773001854800079
13	9	10	dc-02-8e-4f-41-aa		0773000010903217
13	9	11	c4-b8-b5-26-13-36		0773002616983722
13	9	12	a4-29-40-9e-86-4d		0773003200516376
13	9	13	a8-e2-c3-63-7f-68		0773002285961477
13	9	14	98-00-74-22-ef-05		0773001063453042
13	9	15	00-00-af-be-cd-0a		
